center_x = 13.0734208417
center_y = -11.9380581162
center_z = -24.9706573146
size_x = 84.555
size_y = 67.112
size_z = 70.067

energy_range = 10
exhaustiveness = 235
num_modes = 20
