center_x = 53.6125829146
center_y = 60.9744757119
center_z = 30.9022747069
size_x = 77.661
size_y = 64.005
size_z = 64.646

energy_range = 10
exhaustiveness = 190
num_modes = 20
