center_x = -0.495555555556
center_y = -15.9779228395
center_z = -37.81875
size_x = 56.893
size_y = 41.481
size_z = 92.052

energy_range = 10
exhaustiveness = 150
num_modes = 20
