center_x = 97.3614041013
center_y = 98.0841302774
center_z = 94.1654089264
size_x = 67.186
size_y = 82.317
size_z = 77.708

energy_range = 10
exhaustiveness = 254
num_modes = 20
