center_x = -25.9343118971
center_y = 12.5509807074
center_z = 59.1055819936
size_x = 50.719
size_y = 66.768
size_z = 59.612

energy_range = 10
exhaustiveness = 150
num_modes = 20
