center_x = -29.8909554455
center_y = 25.1535
center_z = 20.3683811881
size_x = 82.128
size_y = 52.013
size_z = 51.925

energy_range = 10
exhaustiveness = 150
num_modes = 20
