center_x = 1.46024566474
center_y = -1.36543352601
center_z = 15.6022543353
size_x = 69.411
size_y = 56.941
size_z = 57.698

energy_range = 10
exhaustiveness = 150
num_modes = 20
